21
28
28
41
53
58
73
123
140
142
148
153
159
170
189
193
229
235
236
241
248
288
292
300
303
318
330
335
337
406
467
474
475
481
491
495
503
540
542
608
610
658
681
690
702
707
742
748
750
754
778
788
792
874
875
899
900
905
911
912
943
958
1009
1012
1012
1017
1018
1052
1054
1071
1131
1146
1150
1181
1200
1264
1278
1282
1331
1340
1355
1364
1381
1386
1416
1454
1457
1515
1528
1539
1543
1550
1560
1587
1588
1594
1615
1620
1626
1626
1637
1643
1650
1655
1655
1670
1679
1723
1735
1752
1758
1763
1769
1774
1832
1836
1840
1842
1869
1881
1885
1908
1924
1926
1941
1954
1993
1999
2011
2028
2082
2088
2088
2095
2111
2112
2125
2144
2154
2161
2168
2187
2206
2220
2223
2237
2258
2303
2306
2324
2327
2363
2368
2376
2421
2445
2481
2483
2505
2510
2513
2529
2589
2598
2599
2600
2607
2609
2623
2625
2625
2634
2661
2668
2669
2670
2678
2695
2699
2741
2742
2785
2800
2862
2865
2943
2963
2971
2995
2995
3035
3039
3065
3093
3093
3102
3134
3169
3181
3195
3221
3251
3264
3276
3297
3309
3333
3335
3340
3343
3359
3393
3396
3430
3434
3447
3449
3455
3487
3497
3503
3517
3523
3527
3545
3548
3557
3561
3565
3580
3584
3602
3625
3652
3656
3676
3684
3728
3737
3753
3788
3805
3829
3831
3878
3902
3925
3959
3964
3989
4015
4031
4041
4071
4084
4084
4098
4099
4141
4144
4169
4182
4186
4213
4287
4313
4313
4319
4324
4360
4381
4414
4415
4449
4460
4472
4474
4536
4565
4575
4596
4611
4639
4664
4667
4675
4678
4680
4681
4686
4693
4693
4734
4745
4747
4757
4769
4802
4806
4827
4833
4860
4872
4882
4886
4919
4940
4944
4954
4966
4975
4978
5000
5002
5006
5021
5021
5030
5049
5055
5071
5075
5097
5108
5109
5131
5177
5204
5249
5303
5340
5402
5436
5447
5454
5535
5537
5538
5545
5556
5565
5565
5589
5601
5602
5602
5629
5651
5651
5662
5686
5699
5705
5706
5716
5725
5764
5786
5829
5841
5844
5874
5912
5938
5945
5967
5973
5994
5997
6021
6038
6064
6072
6077
6085
6149
6172
6191
6193
6202
6224
6234
6249
6270
6287
6321
6334
6359
6365
6410
6411
6422
6439
6450
6467
6473
6477
6477
6479
6483
6486
6493
6511
6538
6540
6540
6541
6559
6582
6602
6608
6617
6618
6652
6654
6698
6704
6705
6705
6729
6748
6766
6813
6816
6868
6900
6902
6922
6923
6962
6972
6995
7038
7042
7085
7128
7129
7152
7164
7172
7185
7200
7208
7213
7229
7231
7240
7262
7267
7278
7285
7296
7328
7355
7372
7375
7376
7391
7441
7448
7462
7479
7487
7491
7492
7514
7516
7518
7534
7572
7585
7586
7591
7604
7605
7616
7619
7627
7636
7679
7711
7720
7721
7727
7740
7768
7783
7815
7833
7864
7882
7900
7905
7926
7949
7950
7958
7958
8023
8055
8075
8106
8116
8146
8153
8166
8177
8194
8213
8217
8247
8256
8260
8281
8313
8360
8360
8365
8380
8387
8394
8405
8419
8480
8483
8486
8492
8519
8526
8546
8551
8563
8610
8638
8670
8681
8683
8714
8723
8738
8752
8753
8759
8762
8779
8805
8823
8826
8838
8850
8880
8896
8909
8922
8925
8928
8932
8942
8976
9010
9010
9040
9058
9072
9091
9135
9152
9156
9161
9166
9168
9198
9220
9232
9248
9252
9253
9257
9261
9277
9313
9314
9318
9320
9357
9374
9464
9487
9487
9496
9501
9503
9508
9512
9514
9515
9523
9535
9567
9573
9576
9601
9646
9658
9676
9714
9741
9758
9762
9781
9789
9789
9815
9832
9853
9860
9876
9894
9905
9916
9930
9961
9961
9970
9981
9990
10004
10008
10021
10040
10067
10075
10080
10112
10116
10168
10176
10178
10195
10202
10208
10268
10285
10291
10322
10353
10380
10383
10396
10422
10440
10466
10508
10548
10555
10573
10585
10635
10647
10697
10712
10753
10761
10797
10808
10861
10866
10893
10904
10910
10938
10940
10986
10987
11001
11008
11020
11023
11027
11056
11058
11064
11072
11075
11124
11159
11173
11191
11192
11192
11197
11224
11243
11247
11258
11293
11323
11333
11337
11342
11367
11369
11376
11408
11420
11422
11455
11462
11477
11478
11511
11521
11538
11585
11599
11600
11635
11643
11647
11662
11672
11701
11759
11777
11784
11785
11807
11833
11837
11840
11874
11903
11942
11969
12022
12042
12043
12044
12052
12053
12074
12074
12076
12079
12097
12105
12158
12164
12181
12193
12244
12249
12259
12263
12268
12287
12290
12292
12316
12317
12382
12392
12393
12420
12423
12433
12455
12455
12481
12503
12508
12529
12549
12550
12570
12578
12611
12623
12637
12673
12677
12717
12722
12723
12734
12750
12759
12760
12818
12835
12843
12859
12890
12896
12924
12931
12933
12935
12938
12941
12949
12993
12998
13007
13022
13030
13031
13037
13061
13064
13093
13142
13161
13169
13186
13210
13232
13234
13261
13262
13289
13290
13290
13330
13337
13357
13392
13401
13428
13444
13452
13458
13476
13487
13489
13490
13509
13525
13549
13559
13578
13579
13584
13597
13608
13648
13653
13694
13712
13713
13716
13722
13826
13829
13851
13865
13877
13882
13931
13966
13971
13977
13985
13985
14007
14008
14015
14018
14140
14146
14161
14181
14196
14197
14199
14218
14256
14270
14295
14309
14310
14333
14343
14364
14369
14387
14413
14423
14460
14474
14485
14486
14507
14600
14604
14606
14625
14629
14640
14688
14700
14708
14721
14723
14736
14771
14776
14788
14790
14798
14801
14844
14867
14868
14887
14893
14902
14902
14924
14932
14945
14955
14962
14989
15005
15006
15022
15075
15084
15117
15141
15145
15147
15185
15199
15205
15255
15262
15264
15279
15281
15350
15370
15431
15457
15460
15469
15495
15498
15529
15565
15573
15574
15589
15615
15629
15665
15677
15678
15724
15748
15759
15790
15791
15813
15814
15821
15834
15869
15871
15881
15890
15944
15947
15969
15987
15993
16036
16074
16080
16085
16097
16100
16105
16118
16139
16142
16202
16215
16216
16225
16279
16282
16303
16336
16337
16343
16367
16398
16413
16423
16439
16446
16512
16519
16541
16549
16565
16584
16590
16595
16626
16634
16641
16671
16683
16687
16697
16741
16827
16828
16858
16878
16893
16925
16941
16944
16948
16955
16962
16972
17006
17035
17040
17086
17095
17103
17110
17124
17168
17189
17192
17206
17222
17223
17253
17282
17296
17371
17398
17410
17421
17421
17432
17437
17451
17465
17469
17482
17505
17537
17546
17549
17578
17604
17612
17641
17650
17659
17673
17692
17713
17713
17773
17780
17807
17825
17827
17832
17841
17861
17864
17870
17902
17906
17913
17922
17945
17958
17964
17968
17982
17984
18007
18035
18060
18087
18110
18114
18115
18127
18132
18136
18166
18190
18230
18238
18240
18271
18283
18318
18330
18337
18352
18373
18392
18397
18434
18443
18455
18467
18503
18529
18538
18540
18584
18588
18598
18610
18634
18636
18643
18651
18651
18661
18662
18678
18696
18700
18703
18716
18756
18762
18762
18786
18787
18805
18819
18823
18864
18875
18882
18896
18935
18958
18965
19008
19019
19037
19072
19090
19095
19097
19105
19135
19156
19169
19187
19199
19264
19281
19314
19353
19357
19369
19375
19396
19405
19413
19426
19435
19447
19489
19490
19497
19557
19558
19569
19589
19629
19668
19677
19690
19695
19711
19718
19737
19771
19779
19790
19793
19796
19801
19810
19812
19815
19851
19854
19855
19866
19882
19885
19895
19897
19912
19923
19926
19932
19949
19954
19964
19976
20024
20037
20040
20053
20055
20072
20083
20135
20136
20142
20159
20169
20175
20183
20193
20215
20222
20259
20267
20278
20289
20315
20326
20328
20355
20363
20415
20416
20418
20424
20426
20448
20450
20472
20474
20482
20485
20493
20528
20537
20556
20580
20600
20601
20608
20615
20626
20640
20649
20652
20663
20666
20671
20675
20710
20710
20718
20783
20798
20799
20807
20825
20851
20855
20888
20899
20913
20945
20968
20972
21003
21015
21025
21028
21047
21078
21080
21080
21098
21113
21119
21132
21136
21153
21188
21196
21221
21221
21286
21293
21313
21318
21323
21363
21388
21411
21416
21425
21430
21457
21459
21487
21497
21520
21538
21543
21545
21548
21562
21577
21578
21617
21624
21634
21659
21694
21718
21724
21726
21763
21781
21787
21794
21881
21892
21895
21945
21948
21962
21974
21979
21991
22012
22015
22018
22044
22104
22106
22142
22171
22190
22214
22233
22276
22279
22296
22336
22355
22361
22363
22386
22409
22413
22428
22431
22466
22483
22501
22525
22532
22549
22549
22578
22593
22593
22619
22640
22646
22648
22658
22663
22668
22701
22704
22725
22741
22750
22758
22798
22813
22830
22848
22850
22867
22885
22888
22912
22913
22925
22929
22955
23015
23073
23146
23152
23165
23183
23186
23195
23196
23199
23216
23243
23245
23245
23271
23281
23318
23335
23342
23392
23400
23439
23445
23481
23487
23552
23556
23588
23589
23622
23646
23650
23655
23692
23694
23717
23729
23754
23757
23775
23779
23805
23811
23826
23831
23840
23844
23847
23850
23851
23856
23869
23936
23941
23955
23971
23977
23986
23990
23992
24021
24028
24033
24041
24050
24081
24084
24114
24129
24155
24179
24182
24199
24208
24221
24227
24229
24230
24237
24272
24307
24326
24350
24353
24355
24365
24370
24372
24389
24390
24393
24408
24423
24429
24455
24464
24472
24474
24484
24484
24488
24512
24515
24520
24555
24567
24596
24626
24648
24676
24710
24722
24750
24766
24767
24773
24774
24778
24779
24791
24808
24855
24865
24901
24937
24946
24948
24961
24962
24970
24998
25011
25043
25058
25072
25087
25128
25162
25184
25200
25205
25249
25264
25269
25269
25313
25345
25347
25391
25411
25423
25452
25472
25484
25508
25542
25547
25547
25547
25561
25605
25608
25620
25627
25629
25667
25678
25680
25697
25705
25721
25734
25759
25760
25770
25783
25824
25824
25828
25874
25898
25928
25951
25990
25996
26018
26021
26031
26048
26052
26058
26063
26113
26122
26129
26153
26154
26173
26222
26253
26264
26268
26281
26292
26299
26302
26303
26308
26362
26363
26418
26423
26428
26431
26434
26439
26443
26463
26477
26488
26489
26500
26504
26517
26534
26576
26578
26630
26633
26653
26667
26679
26740
26777
26806
26809
26816
26821
26835
26841
26857
26869
26890
26909
26924
26946
26948
26949
26962
26969
26979
27007
27008
27032
27065
27067
27080
27088
27109
27124
27152
27157
27171
27196
27200
27216
27348
27350
27358
27368
27384
27415
27432
27432
27446
27465
27489
27506
27529
27531
27577
27593
27594
27595
27611
27624
27644
27649
27663
27666
27681
27726
27753
27753
27756
27813
27830
27870
27892
27918
27936
27938
27967
27982
28009
28019
28022
28027
28070
28074
28082
28112
28118
28145
28149
28162
28164
28182
28252
28253
28255
28274
28286
28289
28296
28297
28315
28315
28318
28321
28323
28350
28396
28423
28433
28442
28458
28464
28470
28476
28486
28489
28503
28510
28520
28522
28532
28570
28583
28614
28617
28633
28650
28652
28664
28666
28680
28685
28689
28692
28703
28704
28712
28745
28761
28768
28791
28801
28869
28888
28962
28978
29011
29022
29033
29082
29087
29105
29141
29151
29152
29168
29170
29174
29174
29200
29213
29221
29253
29264
29271
29288
29292
29292
29301
29309
29314
29331
29334
29337
29350
29352
29358
29361
29421
29426
29447
29458
29486
29492
29510
29541
29556
29560
29565
29577
29614
29617
29621
29643
29657
29658
29704
29734
29763
29790
29812
29815
29855
29859
29869
29873
29891
29901
29916
29929
29954
29956
29972
29975
29996
30003
30032
30038
30080
30093
30106
30109
30114
30145
30180
30188
30189
30191
30195
30212
30221
30227
30238
30271
30300
30303
30333
30422
30470
30523
30524
30527
30556
30568
30648
30674
30693
30695
30714
30771
30774
30807
30814
30833
30836
30838
30877
30900
30910
30932
30971
30974
30974
31001
31003
31020
31060
31063
31068
31101
31107
31111
31111
31115
31163
31172
31185
31196
31202
31226
31240
31244
31276
31286
31310
31311
31316
31322
31329
31348
31351
31361
31418
31426
31450
31461
31493
31497
31531
31540
31556
31561
31577
31591
31601
31627
31647
31673
31754
31758
31762
31783
31810
31812
31818
31907
31923
31928
31934
31947
31982
31998
32029
32060
32075
32168
32170
32179
32182
32196
32209
32226
32257
32270
32356
32372
32391
32404
32439
32498
32525
32528
32544
32584
32588
32591
32604
32607
32609
32611
32637
32662
32671
32678
32685
32702
32718
32726
32745
32756
32757
