32757
32756
32745
32726
32718
32702
32685
32678
32671
32662
32637
32611
32609
32607
32604
32591
32588
32584
32544
32528
32525
32498
32439
32404
32391
32372
32356
32270
32257
32226
32209
32196
32182
32179
32170
32168
32075
32060
32029
31998
31982
31947
31934
31928
31923
31907
31818
31812
31810
31783
31762
31758
31754
31673
31647
31627
31601
31591
31577
31561
31556
31540
31531
31497
31493
31461
31450
31426
31418
31361
31351
31348
31329
31322
31316
31311
31310
31286
31276
31244
31240
31226
31202
31196
31185
31172
31163
31115
31111
31111
31107
31101
31068
31063
31060
31020
31003
31001
30974
30974
30971
30932
30910
30900
30877
30838
30836
30833
30814
30807
30774
30771
30714
30695
30693
30674
30648
30568
30556
30527
30524
30523
30470
30422
30333
30303
30300
30271
30238
30227
30221
30212
30195
30191
30189
30188
30180
30145
30114
30109
30106
30093
30080
30038
30032
30003
29996
29975
29972
29956
29954
29929
29916
29901
29891
29873
29869
29859
29855
29815
29812
29790
29763
29734
29704
29658
29657
29643
29621
29617
29614
29577
29565
29560
29556
29541
29510
29492
29486
29458
29447
29426
29421
29361
29358
29352
29350
29337
29334
29331
29314
29309
29301
29292
29292
29288
29271
29264
29253
29221
29213
29200
29174
29174
29170
29168
29152
29151
29141
29105
29087
29082
29033
29022
29011
28978
28962
28888
28869
28801
28791
28768
28761
28745
28712
28704
28703
28692
28689
28685
28680
28666
28664
28652
28650
28633
28617
28614
28583
28570
28532
28522
28520
28510
28503
28489
28486
28476
28470
28464
28458
28442
28433
28423
28396
28350
28323
28321
28318
28315
28315
28297
28296
28289
28286
28274
28255
28253
28252
28182
28164
28162
28149
28145
28118
28112
28082
28074
28070
28027
28022
28019
28009
27982
27967
27938
27936
27918
27892
27870
27830
27813
27756
27753
27753
27726
27681
27666
27663
27649
27644
27624
27611
27595
27594
27593
27577
27531
27529
27506
27489
27465
27446
27432
27432
27415
27384
27368
27358
27350
27348
27216
27200
27196
27171
27157
27152
27124
27109
27088
27080
27067
27065
27032
27008
27007
26979
26969
26962
26949
26948
26946
26924
26909
26890
26869
26857
26841
26835
26821
26816
26809
26806
26777
26740
26679
26667
26653
26633
26630
26578
26576
26534
26517
26504
26500
26489
26488
26477
26463
26443
26439
26434
26431
26428
26423
26418
26363
26362
26308
26303
26302
26299
26292
26281
26268
26264
26253
26222
26173
26154
26153
26129
26122
26113
26063
26058
26052
26048
26031
26021
26018
25996
25990
25951
25928
25898
25874
25828
25824
25824
25783
25770
25760
25759
25734
25721
25705
25697
25680
25678
25667
25629
25627
25620
25608
25605
25561
25547
25547
25547
25542
25508
25484
25472
25452
25423
25411
25391
25347
25345
25313
25269
25269
25264
25249
25205
25200
25184
25162
25128
25087
25072
25058
25043
25011
24998
24970
24962
24961
24948
24946
24937
24901
24865
24855
24808
24791
24779
24778
24774
24773
24767
24766
24750
24722
24710
24676
24648
24626
24596
24567
24555
24520
24515
24512
24488
24484
24484
24474
24472
24464
24455
24429
24423
24408
24393
24390
24389
24372
24370
24365
24355
24353
24350
24326
24307
24272
24237
24230
24229
24227
24221
24208
24199
24182
24179
24155
24129
24114
24084
24081
24050
24041
24033
24028
24021
23992
23990
23986
23977
23971
23955
23941
23936
23869
23856
23851
23850
23847
23844
23840
23831
23826
23811
23805
23779
23775
23757
23754
23729
23717
23694
23692
23655
23650
23646
23622
23589
23588
23556
23552
23487
23481
23445
23439
23400
23392
23342
23335
23318
23281
23271
23245
23245
23243
23216
23199
23196
23195
23186
23183
23165
23152
23146
23073
23015
22955
22929
22925
22913
22912
22888
22885
22867
22850
22848
22830
22813
22798
22758
22750
22741
22725
22704
22701
22668
22663
22658
22648
22646
22640
22619
22593
22593
22578
22549
22549
22532
22525
22501
22483
22466
22431
22428
22413
22409
22386
22363
22361
22355
22336
22296
22279
22276
22233
22214
22190
22171
22142
22106
22104
22044
22018
22015
22012
21991
21979
21974
21962
21948
21945
21895
21892
21881
21794
21787
21781
21763
21726
21724
21718
21694
21659
21634
21624
21617
21578
21577
21562
21548
21545
21543
21538
21520
21497
21487
21459
21457
21430
21425
21416
21411
21388
21363
21323
21318
21313
21293
21286
21221
21221
21196
21188
21153
21136
21132
21119
21113
21098
21080
21080
21078
21047
21028
21025
21015
21003
20972
20968
20945
20913
20899
20888
20855
20851
20825
20807
20799
20798
20783
20718
20710
20710
20675
20671
20666
20663
20652
20649
20640
20626
20615
20608
20601
20600
20580
20556
20537
20528
20493
20485
20482
20474
20472
20450
20448
20426
20424
20418
20416
20415
20363
20355
20328
20326
20315
20289
20278
20267
20259
20222
20215
20193
20183
20175
20169
20159
20142
20136
20135
20083
20072
20055
20053
20040
20037
20024
19976
19964
19954
19949
19932
19926
19923
19912
19897
19895
19885
19882
19866
19855
19854
19851
19815
19812
19810
19801
19796
19793
19790
19779
19771
19737
19718
19711
19695
19690
19677
19668
19629
19589
19569
19558
19557
19497
19490
19489
19447
19435
19426
19413
19405
19396
19375
19369
19357
19353
19314
19281
19264
19199
19187
19169
19156
19135
19105
19097
19095
19090
19072
19037
19019
19008
18965
18958
18935
18896
18882
18875
18864
18823
18819
18805
18787
18786
18762
18762
18756
18716
18703
18700
18696
18678
18662
18661
18651
18651
18643
18636
18634
18610
18598
18588
18584
18540
18538
18529
18503
18467
18455
18443
18434
18397
18392
18373
18352
18337
18330
18318
18283
18271
18240
18238
18230
18190
18166
18136
18132
18127
18115
18114
18110
18087
18060
18035
18007
17984
17982
17968
17964
17958
17945
17922
17913
17906
17902
17870
17864
17861
17841
17832
17827
17825
17807
17780
17773
17713
17713
17692
17673
17659
17650
17641
17612
17604
17578
17549
17546
17537
17505
17482
17469
17465
17451
17437
17432
17421
17421
17410
17398
17371
17296
17282
17253
17223
17222
17206
17192
17189
17168
17124
17110
17103
17095
17086
17040
17035
17006
16972
16962
16955
16948
16944
16941
16925
16893
16878
16858
16828
16827
16741
16697
16687
16683
16671
16641
16634
16626
16595
16590
16584
16565
16549
16541
16519
16512
16446
16439
16423
16413
16398
16367
16343
16337
16336
16303
16282
16279
16225
16216
16215
16202
16142
16139
16118
16105
16100
16097
16085
16080
16074
16036
15993
15987
15969
15947
15944
15890
15881
15871
15869
15834
15821
15814
15813
15791
15790
15759
15748
15724
15678
15677
15665
15629
15615
15589
15574
15573
15565
15529
15498
15495
15469
15460
15457
15431
15370
15350
15281
15279
15264
15262
15255
15205
15199
15185
15147
15145
15141
15117
15084
15075
15022
15006
15005
14989
14962
14955
14945
14932
14924
14902
14902
14893
14887
14868
14867
14844
14801
14798
14790
14788
14776
14771
14736
14723
14721
14708
14700
14688
14640
14629
14625
14606
14604
14600
14507
14486
14485
14474
14460
14423
14413
14387
14369
14364
14343
14333
14310
14309
14295
14270
14256
14218
14199
14197
14196
14181
14161
14146
14140
14018
14015
14008
14007
13985
13985
13977
13971
13966
13931
13882
13877
13865
13851
13829
13826
13722
13716
13713
13712
13694
13653
13648
13608
13597
13584
13579
13578
13559
13549
13525
13509
13490
13489
13487
13476
13458
13452
13444
13428
13401
13392
13357
13337
13330
13290
13290
13289
13262
13261
13234
13232
13210
13186
13169
13161
13142
13093
13064
13061
13037
13031
13030
13022
13007
12998
12993
12949
12941
12938
12935
12933
12931
12924
12896
12890
12859
12843
12835
12818
12760
12759
12750
12734
12723
12722
12717
12677
12673
12637
12623
12611
12578
12570
12550
12549
12529
12508
12503
12481
12455
12455
12433
12423
12420
12393
12392
12382
12317
12316
12292
12290
12287
12268
12263
12259
12249
12244
12193
12181
12164
12158
12105
12097
12079
12076
12074
12074
12053
12052
12044
12043
12042
12022
11969
11942
11903
11874
11840
11837
11833
11807
11785
11784
11777
11759
11701
11672
11662
11647
11643
11635
11600
11599
11585
11538
11521
11511
11478
11477
11462
11455
11422
11420
11408
11376
11369
11367
11342
11337
11333
11323
11293
11258
11247
11243
11224
11197
11192
11192
11191
11173
11159
11124
11075
11072
11064
11058
11056
11027
11023
11020
11008
11001
10987
10986
10940
10938
10910
10904
10893
10866
10861
10808
10797
10761
10753
10712
10697
10647
10635
10585
10573
10555
10548
10508
10466
10440
10422
10396
10383
10380
10353
10322
10291
10285
10268
10208
10202
10195
10178
10176
10168
10116
10112
10080
10075
10067
10040
10021
10008
10004
9990
9981
9970
9961
9961
9930
9916
9905
9894
9876
9860
9853
9832
9815
9789
9789
9781
9762
9758
9741
9714
9676
9658
9646
9601
9576
9573
9567
9535
9523
9515
9514
9512
9508
9503
9501
9496
9487
9487
9464
9374
9357
9320
9318
9314
9313
9277
9261
9257
9253
9252
9248
9232
9220
9198
9168
9166
9161
9156
9152
9135
9091
9072
9058
9040
9010
9010
8976
8942
8932
8928
8925
8922
8909
8896
8880
8850
8838
8826
8823
8805
8779
8762
8759
8753
8752
8738
8723
8714
8683
8681
8670
8638
8610
8563
8551
8546
8526
8519
8492
8486
8483
8480
8419
8405
8394
8387
8380
8365
8360
8360
8313
8281
8260
8256
8247
8217
8213
8194
8177
8166
8153
8146
8116
8106
8075
8055
8023
7958
7958
7950
7949
7926
7905
7900
7882
7864
7833
7815
7783
7768
7740
7727
7721
7720
7711
7679
7636
7627
7619
7616
7605
7604
7591
7586
7585
7572
7534
7518
7516
7514
7492
7491
7487
7479
7462
7448
7441
7391
7376
7375
7372
7355
7328
7296
7285
7278
7267
7262
7240
7231
7229
7213
7208
7200
7185
7172
7164
7152
7129
7128
7085
7042
7038
6995
6972
6962
6923
6922
6902
6900
6868
6816
6813
6766
6748
6729
6705
6705
6704
6698
6654
6652
6618
6617
6608
6602
6582
6559
6541
6540
6540
6538
6511
6493
6486
6483
6479
6477
6477
6473
6467
6450
6439
6422
6411
6410
6365
6359
6334
6321
6287
6270
6249
6234
6224
6202
6193
6191
6172
6149
6085
6077
6072
6064
6038
6021
5997
5994
5973
5967
5945
5938
5912
5874
5844
5841
5829
5786
5764
5725
5716
5706
5705
5699
5686
5662
5651
5651
5629
5602
5602
5601
5589
5565
5565
5556
5545
5538
5537
5535
5454
5447
5436
5402
5340
5303
5249
5204
5177
5131
5109
5108
5097
5075
5071
5055
5049
5030
5021
5021
5006
5002
5000
4978
4975
4966
4954
4944
4940
4919
4886
4882
4872
4860
4833
4827
4806
4802
4769
4757
4747
4745
4734
4693
4693
4686
4681
4680
4678
4675
4667
4664
4639
4611
4596
4575
4565
4536
4474
4472
4460
4449
4415
4414
4381
4360
4324
4319
4313
4313
4287
4213
4186
4182
4169
4144
4141
4099
4098
4084
4084
4071
4041
4031
4015
3989
3964
3959
3925
3902
3878
3831
3829
3805
3788
3753
3737
3728
3684
3676
3656
3652
3625
3602
3584
3580
3565
3561
3557
3548
3545
3527
3523
3517
3503
3497
3487
3455
3449
3447
3434
3430
3396
3393
3359
3343
3340
3335
3333
3309
3297
3276
3264
3251
3221
3195
3181
3169
3134
3102
3093
3093
3065
3039
3035
2995
2995
2971
2963
2943
2865
2862
2800
2785
2742
2741
2699
2695
2678
2670
2669
2668
2661
2634
2625
2625
2623
2609
2607
2600
2599
2598
2589
2529
2513
2510
2505
2483
2481
2445
2421
2376
2368
2363
2327
2324
2306
2303
2258
2237
2223
2220
2206
2187
2168
2161
2154
2144
2125
2112
2111
2095
2088
2088
2082
2028
2011
1999
1993
1954
1941
1926
1924
1908
1885
1881
1869
1842
1840
1836
1832
1774
1769
1763
1758
1752
1735
1723
1679
1670
1655
1655
1650
1643
1637
1626
1626
1620
1615
1594
1588
1587
1560
1550
1543
1539
1528
1515
1457
1454
1416
1386
1381
1364
1355
1340
1331
1282
1278
1264
1200
1181
1150
1146
1131
1071
1054
1052
1018
1017
1012
1012
1009
958
943
912
911
905
900
899
875
874
792
788
778
754
750
748
742
707
702
690
681
658
610
608
542
540
503
495
491
481
475
474
467
406
337
335
330
318
303
300
292
288
248
241
236
235
229
193
189
170
159
153
148
142
140
123
73
58
53
41
28
28
21
